%YAML:1.0
rotation: !!opencv-matrix
   rows: 3
   cols: 3
   dt: d
   data: [ 9.9978277721960618e-01, -2.0637419395850575e-02,
       -2.9146690602881555e-03, 2.0633577385527808e-02,
       9.9978620421509201e-01, -1.3421421138361425e-03,
       2.9417442660207372e-03, 1.2817105203858262e-03,
       9.9999485166615498e-01 ]
translation: !!opencv-matrix
   rows: 3
   cols: 1
   dt: d
   data: [ -5.2457291387813472e-02, -1.2193271895517917e-03,
       9.6594559913474268e-03 ]
essential: !!opencv-matrix
   rows: 3
   cols: 3
   dt: d
   data: [ -2.0289608146783453e-04, -9.6589536648586122e-03,
       -1.2063565493656194e-03, 9.8116736736109742e-03,
       -1.3211118218649313e-04, 5.2428867202647611e-02,
       1.3668074262383691e-04, -5.2471240006618611e-02,
       6.6851204715603723e-05 ]
fundamental: !!opencv-matrix
   rows: 3
   cols: 3
   dt: d
   data: [ -1.5540932257927391e-07, -7.4013234903388666e-06,
       1.2248982139358197e-03, 7.5189216519012634e-06,
       -1.0128099017126273e-07, 1.2757359936886731e-02,
       -3.6703686280221263e-03, -3.5896410607624551e-02, 1. ]
