%YAML:1.0
cameraMatrix: !!opencv-matrix
   rows: 3
   cols: 3
   dt: d
   data: [ 3.6412946526069641e+02, 0., 2.5180246768416833e+02, 0.,
       3.6398201715411278e+02, 2.0566955480416945e+02, 0., 0., 1. ]
distortionCoefficients: !!opencv-matrix
   rows: 1
   cols: 5
   dt: d
   data: [ 1.0664475256201020e-01, -2.9979534882184461e-01,
       3.0688093418551008e-04, -1.6181558512509281e-03,
       1.1551953975256689e-01 ]
rotation: !!opencv-matrix
   rows: 3
   cols: 3
   dt: d
   data: [ 1., 0., 0., 0., 1., 0., 0., 0., 1. ]
projection: !!opencv-matrix
   rows: 4
   cols: 4
   dt: d
   data: [ 3.6412946526069641e+02, 0., 2.5180246768416833e+02, 0., 0.,
       3.6398201715411278e+02, 2.0566955480416945e+02, 0., 0., 0., 1.,
       0., 0., 0., 0., 1. ]
