%YAML:1.0
depthShift: -1.1316914186458384e+01
