%YAML:1.0
cameraMatrix: !!opencv-matrix
   rows: 3
   cols: 3
   dt: d
   data: [ 1.0691949458044885e+03, 0., 9.5113643982008136e+02, 0.,
       1.0686803919348581e+03, 5.2269723318598926e+02, 0., 0., 1. ]
distortionCoefficients: !!opencv-matrix
   rows: 1
   cols: 5
   dt: d
   data: [ 4.2643320251962165e-02, -3.7747443022075604e-02,
       -3.3316134376986875e-04, 1.0286104376503674e-03,
       -2.2290160696754814e-03 ]
rotation: !!opencv-matrix
   rows: 3
   cols: 3
   dt: d
   data: [ 1., 0., 0., 0., 1., 0., 0., 0., 1. ]
projection: !!opencv-matrix
   rows: 4
   cols: 4
   dt: d
   data: [ 1.0691949458044885e+03, 0., 9.5113643982008136e+02, 0., 0.,
       1.0686803919348581e+03, 5.2269723318598926e+02, 0., 0., 0., 1.,
       0., 0., 0., 0., 1. ]
